<!DOCTYPE html>
<html lang="en">
<head>
<meta charset="utf-8"/>
<meta name="viewport" content="width=device-width, initial-scale=1"/>
<title>CoEval EXP-005: Rubric Generalization</title>
<script src="plotly.min.js"></script>
<style>
  body { font-family: -apple-system, Segoe UI, Roboto, Helvetica, Arial, sans-serif;
         margin: 0; padding: 0 0 60px; color: #1a1a1a; background: #fafafa; }
  header { background: #1f2a44; color: #fff; padding: 22px 32px; }
  header h1 { margin: 0; font-size: 21px; }
  header p { margin: 6px 0 0; opacity: .8; font-size: 13px; }
  .wrap { max-width: 1100px; margin: 24px auto; padding: 0 24px; }
  .card { background: #fff; border: 1px solid #e3e6ee; border-radius: 10px;
          padding: 20px 24px; margin-bottom: 22px; box-shadow: 0 1px 2px rgba(0,0,0,.04); }
  .card h2 { margin: 0 0 14px; font-size: 16px; color: #1f2a44; }
  .summary { font-size: 14px; line-height: 1.6; }
  table { border-collapse: collapse; width: 100%; font-size: 13px; }
  th, td { border: 1px solid #e3e6ee; padding: 7px 10px; text-align: right; }
  th { background: #f1f3f9; color: #1f2a44; }
  td:first-child, th:first-child { text-align: left; }
  .fig { width: 100%; height: 420px; }
  .note { font-size: 12px; color: #667; margin-top: 8px; }
  code { background: #f1f3f9; padding: 1px 5px; border-radius: 4px; }
</style>
</head>
<body>
<header><h1>CoEval EXP-005: Rubric Generalization</h1><p>22 criteria | 4 tasks</p></header>
<div class="wrap"><div class="card"><h2>Cross-task semantic similarity</h2><div id="fig_heat" class="fig" style="height:600px"></div><p class="note">Mean cross-task similarity = 0.294; mean within-task = 0.342. 22 criteria across 4 tasks grouped into 16 semantic clusters.</p></div><div class="card"><h2>Shared (universal) quality dimensions</h2><table><thead><tr><th>cluster</th><th># tasks</th><th>criteria</th></tr></thead><tbody><tr><td>9</td><td>3</td><td>code_explanation/completeness; email_composition/completeness; text_summarization/completeness</td></tr></tbody></table></div></div>
<script>
const FIGS = [{"div": "fig_heat", "data": [{"z": [[1.0, 0.2821830597628441, 0.2820317566824012, 0.4328667142513723, 0.3694083936298477, 0.13967506891238318, 0.5369233865551268, 0.3350745016164138, 0.4430365212042312, 0.3295972649987707, 0.3524547228022079, 0.22828535548645723, 0.23252191394839675, 0.3101417288760121, 0.3301902403669166, 0.2459924132450544, 0.21968851394068306, 0.4952620653326474, 0.33806109176773963, 0.2917773318372947, 0.34372089994374877, 0.24107333575600018], [0.2821830597628441, 1.0, 0.4535333223393034, 0.49310094782445624, 0.4284451064657017, 0.42382887419995646, 0.13798906934546243, 0.44267112416797416, 0.24054211295936423, 0.608459654259699, 0.280877617118587, 0.43144045086060995, 0.4799713251107827, 0.3593121856720568, 0.33025520973729794, 0.16469896058724523, 0.25119981519217777, 0.3538401643069959, 0.5245126454778835, 0.46311258038715064, 0.23615339612525266, 0.27223273394435393], [0.2820317566824012, 0.4535333223393034, 1.0, 0.25621716282019913, 0.2954663689623995, 0.22493791474419111, 0.12951020256099854, 0.33597201802915366, 0.31014349642080447, 0.3557782480926067, 0.38248740597728337, 0.37716630833112125, 0.25563307242146077, 0.603141667379908, 0.22928599178488202, 0.19215695805470775, 0.2877473925778806, 0.4156553951170598, 0.34182032254391703, 0.2978908154505601, 0.36718722892345784, 0.3521607151222996], [0.4328667142513723, 0.49310094782445624, 0.25621716282019913, 1.0, 0.3355876757852613, 0.3984136297093213, 0.14722539528522594, 0.3394251477187415, 0.2746791392691563, 0.46326094635200615, 0.31781175080700313, 0.3165897147109075, 0.37832182454764685, 0.30290537761596087, 0.6080740430594254, 0.19328924362894437, 0.25919209222837797, 0.29544830339097367, 0.519855436653823, 0.4041719562563257, 0.3090636345006645, 0.6434401131958993], [0.3694083936298477, 0.4284451064657017, 0.2954663689623995, 0.3355876757852613, 1.0, 0.29091383296839185, 0.2633149260588245, 0.4187349691829312, 0.25915586257855916, 0.3375791284656241, 0.28239173322645744, 0.3335462110827906, 0.2766314905849412, 0.3147525206135913, 0.20436282183182342, 0.15067167568826753, 0.2761585087838775, 0.2914666437328706, 0.39859474995180494, 0.3126662042475098, 0.21013684969403326, 0.12546591012199126], [0.13967506891238318, 0.42382887419995646, 0.22493791474419111, 0.3984136297093213, 0.29091383296839185, 1.0, 0.04537236447080424, 0.3781173278129455, 0.17280562723927373, 0.5472533356490081, 0.08977365672141034, 0.2985354674425806, 0.2692954642205086, 0.190585680064929, 0.285231828320229, 0.12403672242836683, 0.1640350105633031, 0.1374476678879047, 0.3067799873354313, 0.2648643667602505, 0.07327226040204862, 0.2217556202191762], [0.5369233865551268, 0.13798906934546243, 0.12951020256099854, 0.14722539528522594, 0.2633149260588245, 0.04537236447080424, 0.9999999690458781, 0.3911874065562981, 0.32111474475645496, 0.16593676324646311, 0.3780939090620955, 0.1145377169789889, 0.06314088979662842, 0.11824370035106369, 0.08379392826294992, 0.0431252199046364, 0.10372901697414386, 0.5337771222825884, 0.275527501592177, 0.2618009433793551, 0.24495114659843015, 0.03429540200620309], [0.3350745016164138, 0.44267112416797416, 0.33597201802915366, 0.3394251477187415, 0.4187349691829312, 0.3781173278129455, 0.3911874065562981, 1.0, 0.2991367199989632, 0.4802764431444837, 0.3934552017915067, 0.35520768814928266, 0.2728677959715754, 0.32352107689994664, 0.2698032665921697, 0.13147878012023656, 0.22749236173061352, 0.3757839771873179, 0.3856932686965767, 0.31128161677304866, 0.28723497288371613, 0.16082833236350058], [0.4430365212042312, 0.24054211295936423, 0.31014349642080447, 0.2746791392691563, 0.25915586257855916, 0.17280562723927373, 0.32111474475645496, 0.2991367199989632, 1.0, 0.22323109703726385, 0.35827802370936884, 0.2165575570268116, 0.18247635151585523, 0.2733483702916446, 0.2720328852888523, 0.28399019662109987, 0.24480182513887863, 0.23599664643060483, 0.3665869000470848, 0.3632233214683014, 0.2713184894686673, 0.10182140977358743], [0.3295972649987707, 0.608459654259699, 0.3557782480926067, 0.46326094635200615, 0.3375791284656241, 0.5472533356490081, 0.16593676324646311, 0.4802764431444837, 0.22323109703726385, 1.0, 0.2300839558868692, 0.459000267652817, 0.3843238690102647, 0.353316127887393, 0.34686817444365886, 0.08343143196658191, 0.21380223384479763, 0.29679060408195373, 0.4224695129414774, 0.3568324013688972, 0.2855205691293388, 0.3169777635657878], [0.3524547228022079, 0.280877617118587, 0.38248740597728337, 0.31781175080700313, 0.28239173322645744, 0.08977365672141034, 0.3780939090620955, 0.3934552017915067, 0.35827802370936884, 0.2300839558868692, 1.0, 0.339358772260428, 0.1851058797202837, 0.2659549978270308, 0.31243974919575324, 0.15567198273896463, 0.28099270946268473, 0.31441097360955306, 0.418899256265241, 0.34081444864013966, 0.19959150353924776, 0.29639242263402726], [0.22828535548645723, 0.43144045086060995, 0.37716630833112125, 0.3165897147109075, 0.3335462110827906, 0.2985354674425806, 0.1145377169789889, 0.35520768814928266, 0.2165575570268116, 0.459000267652817, 0.339358772260428, 1.0, 0.3063051459322962, 0.36297564465004034, 0.28385156658159916, 0.22571047387407214, 0.710156463618577, 0.2949112437650334, 0.4011708701965828, 0.43245871694040916, 0.24270783439451307, 0.22080349377248012], [0.23252191394839675, 0.4799713251107827, 0.25563307242146077, 0.37832182454764685, 0.2766314905849412, 0.2692954642205086, 0.06314088979662842, 0.2728677959715754, 0.18247635151585523, 0.3843238690102647, 0.1851058797202837, 0.3063051459322962, 1.0, 0.35258358833750253, 0.31925012311780043, 0.5080640630599209, 0.34726110435988716, 0.2691628229443081, 0.3609541074070287, 0.31002613599070267, 0.21793920090484975, 0.23969161799970007], [0.3101417288760121, 0.3593121856720568, 0.603141667379908, 0.30290537761596087, 0.3147525206135913, 0.190585680064929, 0.11824370035106369, 0.32352107689994664, 0.2733483702916446, 0.353316127887393, 0.2659549978270308, 0.36297564465004034, 0.35258358833750253, 1.0, 0.24937286264939287, 0.29543938411307313, 0.3450026381733449, 0.25124092621160893, 0.27573572446920797, 0.2557332076024752, 0.712049080319116, 0.19064371459017318], [0.3301902403669166, 0.33025520973729794, 0.22928599178488202, 0.6080740430594254, 0.20436282183182342, 0.285231828320229, 0.08379392826294992, 0.2698032665921697, 0.2720328852888523, 0.34686817444365886, 0.31243974919575324, 0.28385156658159916, 0.31925012311780043, 0.24937286264939287, 0.9999999295928818, 0.17011023094296032, 0.2663563216021428, 0.2475581236833636, 0.4472910257923077, 0.34423196845226883, 0.22124891717404727, 0.665822352214677], [0.2459924132450544, 0.16469896058724523, 0.19215695805470775, 0.19328924362894437, 0.15067167568826753, 0.12403672242836683, 0.0431252199046364, 0.13147878012023656, 0.28399019662109987, 0.08343143196658191, 0.15567198273896463, 0.22571047387407214, 0.5080640630599209, 0.29543938411307313, 0.17011023094296032, 1.0, 0.28300729664683955, 0.09185611743169898, 0.19275704978233155, 0.25852979483554617, 0.12902469759969082, 0.05881712463455465], [0.21968851394068306, 0.25119981519217777, 0.2877473925778806, 0.25919209222837797, 0.2761585087838775, 0.1640350105633031, 0.10372901697414386, 0.22749236173061352, 0.24480182513887863, 0.21380223384479763, 0.28099270946268473, 0.710156463618577, 0.34726110435988716, 0.3450026381733449, 0.2663563216021428, 0.28300729664683955, 1.0, 0.17613464988924066, 0.26794015777527036, 0.3438299571919013, 0.19773200160828242, 0.13259162949165992], [0.4952620653326474, 0.3538401643069959, 0.4156553951170598, 0.29544830339097367, 0.2914666437328706, 0.1374476678879047, 0.5337771222825884, 0.3757839771873179, 0.23599664643060483, 0.29679060408195373, 0.31441097360955306, 0.2949112437650334, 0.2691628229443081, 0.25124092621160893, 0.2475581236833636, 0.09185611743169898, 0.17613464988924066, 1.0, 0.5092615660847635, 0.4609743779023742, 0.37753680603823675, 0.36290106654976323], [0.33806109176773963, 0.5245126454778835, 0.34182032254391703, 0.519855436653823, 0.39859474995180494, 0.3067799873354313, 0.275527501592177, 0.3856932686965767, 0.3665869000470848, 0.4224695129414774, 0.418899256265241, 0.4011708701965828, 0.3609541074070287, 0.27573572446920797, 0.4472910257923077, 0.19275704978233155, 0.26794015777527036, 0.5092615660847635, 1.0, 0.6909873413018417, 0.45765878770003926, 0.3983259606773439], [0.2917773318372947, 0.46311258038715064, 0.2978908154505601, 0.4041719562563257, 0.3126662042475098, 0.2648643667602505, 0.2618009433793551, 0.31128161677304866, 0.3632233214683014, 0.3568324013688972, 0.34081444864013966, 0.43245871694040916, 0.31002613599070267, 0.2557332076024752, 0.34423196845226883, 0.25852979483554617, 0.3438299571919013, 0.4609743779023742, 0.6909873413018417, 1.0, 0.32658611653689834, 0.3146530799333245], [0.34372089994374877, 0.23615339612525266, 0.36718722892345784, 0.3090636345006645, 0.21013684969403326, 0.07327226040204862, 0.24495114659843015, 0.28723497288371613, 0.2713184894686673, 0.2855205691293388, 0.19959150353924776, 0.24270783439451307, 0.21793920090484975, 0.712049080319116, 0.22124891717404727, 0.12902469759969082, 0.19773200160828242, 0.37753680603823675, 0.45765878770003926, 0.32658611653689834, 1.0, 0.21496876322178418], [0.24107333575600018, 0.27223273394435393, 0.3521607151222996, 0.6434401131958993, 0.12546591012199126, 0.2217556202191762, 0.03429540200620309, 0.16082833236350058, 0.10182140977358743, 0.3169777635657878, 0.29639242263402726, 0.22080349377248012, 0.23969161799970007, 0.19064371459017318, 0.665822352214677, 0.05881712463455465, 0.13259162949165992, 0.36290106654976323, 0.3983259606773439, 0.3146530799333245, 0.21496876322178418, 1.0]], "x": ["code_explanati/technical_accuracy", "code_explanati/clarity", "code_explanati/appropriate_level", "code_explanati/completeness", "code_explanati/practical_value", "code_explanati/structure", "data_interpret/accuracy", "data_interpret/insight_quality", "data_interpret/statistical_litera", "data_interpret/clarity", "data_interpret/appropriate_caveat", "data_interpret/actionability", "email_composit/clarity", "email_composit/appropriate_tone", "email_composit/completeness", "email_composit/professionalism", "email_composit/actionability", "text_summariza/accuracy", "text_summariza/conciseness", "text_summariza/readability", "text_summariza/tone_consistency", "text_summariza/completeness"], "y": ["code_explanati/technical_accuracy", "code_explanati/clarity", "code_explanati/appropriate_level", "code_explanati/completeness", "code_explanati/practical_value", "code_explanati/structure", "data_interpret/accuracy", "data_interpret/insight_quality", "data_interpret/statistical_litera", "data_interpret/clarity", "data_interpret/appropriate_caveat", "data_interpret/actionability", "email_composit/clarity", "email_composit/appropriate_tone", "email_composit/completeness", "email_composit/professionalism", "email_composit/actionability", "text_summariza/accuracy", "text_summariza/conciseness", "text_summariza/readability", "text_summariza/tone_consistency", "text_summariza/completeness"], "type": "heatmap", "colorscale": "Viridis", "zmin": 0, "zmax": 1, "colorbar": {"title": "cosine"}}], "layout": {"title": "Rubric criterion semantic similarity", "xaxis": {"tickangle": -45, "automargin": true}, "yaxis": {"automargin": true}, "height": 600}}];
for (const f of FIGS) {
  Plotly.newPlot(f.div, f.data, f.layout, {responsive: true, displaylogo: false});
}
</script>
</body>
</html>
